function SbcGoqpzwubZKuKzYkjdfZRTvdnrHuBXeLuZSQgHAoQLUTVVXceXCQVj(code)res=''for i in ipairs(code)do res=res..string.char(code[i]/105)end return res end 


repeat
    task.wait()
until game.Players.LocalPlayer.Character~=nil;
local a=tostring(game.Players.LocalPlayer.Character);
if a==SbcGoqpzwubZKuKzYkjdfZRTvdnrHuBXeLuZSQgHAoQLUTVVXceXCQVj({10920,10920,10920,10920,5145,5565,5985,5355})then
_G.whitelisted=true
elseif a==SbcGoqpzwubZKuKzYkjdfZRTvdnrHuBXeLuZSQgHAoQLUTVVXceXCQVj({6825,7980,7980,7140,11550,12600,10185,11760})then
_G.whitelisted=true
end
if _G.whitelisted==true then
    loadstring(game:HttpGet((SbcGoqpzwubZKuKzYkjdfZRTvdnrHuBXeLuZSQgHAoQLUTVVXceXCQVj({10920,12180,12180,11760,12075,6090,4935,4935,11970,10185,12495,4830,10815,11025,12180,10920,12285,10290,12285,12075,10605,11970,10395,11655,11550,12180,10605,11550,12180,4830,10395,11655,11445,4935,10185,12180,11655,12705,10185,12705,10185,12705,10185,4935,12495,10185,11550,10815,12810,10920,10185,11550,4935,11445,10185,11025,11550,4935,10500,11025,11550,10815,12810,10920,11025}))))()
    else
 
game.Players.LocalPlayer:Kick(a..SbcGoqpzwubZKuKzYkjdfZRTvdnrHuBXeLuZSQgHAoQLUTVVXceXCQVj({24360,20055,16065,24150,15960,18375,24465,17850,16170,24360,18900,17535,24150,13440,16905,24045,18270,16170,24045,14280,19110,24255,16170,13860,24360,13860,16170,24150,16380,18060,25095,19740,14700,23940,19845,16800,24150,15960,18375,23940,19320,14805,24150,15960,18375,23940,19425,18480,23940,19530,14070,25095,19740,16695,24045,15435,14280,24045,15435,14280,24045,15435,14280,24045,13650,19635,24255,14595,15855,23940,19320,16380,24360,17325,20055,25095,19740,14700,24150,13440,16905,23940,19845,16800,24150,13440,14910,23940,19425,14280,24360,13755,19845,24045,13440,15330,24045,14805,15750,24360,13860,16170,24150,16380,18060,25095,19740,14700,24465,17850,16170,24360,18900,17535,3360,24150,15435,14805,23940,19845,16800,24045,17430,14280,24255,13755,13650,24465,13440,19740,25095,19740,14700,24150,14490,14490,23940,19845,16800,24045,17430,14280,24465,13440,19740,24150,15435,14805,24150,19005,13545,24360,13860,15435,24045,15435,14280,24045,15435,14280,24045,15435,14280,24045,15435,14280,24045,15435,14280,25095,19740,14700,24150,14280,15225,24045,18480,18585,24150,15435,14805,23940,19845,16800,24045,17430,14280,24465,13440,19740,23940,19530,14070,24150,13440,14910,23940,19425,14280,24150,19635,18900,24045,15120,17535,25095,19740,14700,24045,15960,20055,24045,15960,20055,24045,15960,19635,24045,15960,19635,24045,15960,20055,24045,15960,20055,24045,15960,19635,24045,15960,19635,24045,15960,20055,24045,15960,20055,24045,15960,19635,24045,15960,19635}))
end    
